Selected	Weight	Protein Names	SPOT	A	C	D
	1.00	A0A2U4C3T3_TURTR;A0A6J3QMS6_TURTR	105;106	0.00	183.99	87.90
	1.00	A0A2U3V5Z6_TURTR;A0A6J3PW86_TURTR;A0A6J3QY52_TURTR	140;141;142;143;144	0.00	896.55	529.93
	1.00	A0A6J3PXY9_TURTR	145;146;147;148;149	0.00	379.49	235.42
	1.00	A0A6J3S719_TURTR;A0A6J3S720_TURTR;A0A6J3S7A9_TURTR;A0A6J3S870_TURTR;A0A6J3S8J3_TURTR	153	0.00	1,045.39	545.18
	1.00	A0A6J3RPP4_TURTR;A0A6J3RQ39_TURTR	433;434;435	0.00	305.29	131.28
	1.00	A0A2U4C739_TURTR	475;476;477;478;479;480;481;482;483;484;485;486;487;488;489;490;491;492;493;494;495;496;497;498;499;500;501;502;503;504;505;506	0.00	225.52	80.19
	1.00	A0A2U3V5M2_TURTR;A0A2U4B5B1_TURTR	520;521;522;523;524;525;526;527;528;529;530;531;532;533;534;535;536;537;538;539;540;541;542;543;544;545;546;547;548;549;550;551;552;553;554;555;556	0.00	296.03	155.57
	1.00	A0A6J3Q5X0_TURTR	577;578	0.00	1,739.79	694.35
	1.00	A0A6J3RV02_TURTR;A0A6J3RV69_TURTR;A0A6J3RV80_TURTR;A0A6J3RVN9_TURTR	595;596	0.00	866.75	260.18
	1.00	A0A2U4B9T1_TURTR;A0A2U4B9V8_TURTR;A0A6J3R8J6_TURTR	618;619	0.00	337.05	118.13
	1.00	A0A6J3QEG7_TURTR;A0A6J3QEH2_TURTR;A0A6J3QEH7_TURTR;A0A6J3QF05_TURTR;A0A6J3QF26_TURTR;A0A6J3QFI7_TURTR	693	0.00	444.36	283.91
	1.00	APOA1_TURTR	694;695;696;697;698;699;700	0.00	521.30	231.30
	1.00	A0A2U4C0C1_TURTR	701;702;703;704;705;706;707;708;709;710;711;712;713;714;715;716;717;718;719;720;721	0.00	1,602.20	440.71
	1.00	A0A6J3PZC6_TURTR	722;723;724;725;726;727;728;729;730;731	0.00	1,325.42	727.68
	1.00	A0A6J3RSW4_TURTR	732;733;734;735;736;737;738;739	0.00	8,656.21	2,875.88
	1.00	A0A6J3RUL2_TURTR;A0A6J3RUQ7_TURTR;A0A6J3RV38_TURTR	757;758;759;760	0.00	1,222.26	614.01
	1.00	A0A2U4C1S7_TURTR;A0A6J3Q3R0_TURTR;A0A6J3Q3X6_TURTR	768;769;770;771	0.00	156.80	107.46
	1.00	A0A2U4A6P6_TURTR;A0A2U4A7D1_TURTR	774	0.00	6,150.52	2,599.76
	1.00	A0A6J3RPF4_TURTR;A0A6J3RQ68_TURTR	775;776;777;778;779	0.00	529.15	229.98
	1.00	A0A2U4AJC0_TURTR;A0A2U4AJX2_TURTR	781	0.00	1,609.76	1,102.74
	1.00	A0A2U4CPQ2_TURTR;A0A2U4CPQ4_TURTR;A0A2U4CPQ6_TURTR	790;791;792	0.00	402.09	204.27
	1.00	A0A6J3PW14_TURTR	817;818;819;820;821;822;823	0.00	803.52	537.83
	1.00	A0A6J3QLV6_TURTR	824	0.00	990.81	301.50
	1.00	A0A6J3R898_TURTR	828;829;830;831;832;833;834;835;836;837;838;839;840;841	0.00	1,889.69	804.59
	1.00	A0A6J3S5N7_TURTR;A0A6J3S5P0_TURTR;A0A6J3S5W7_TURTR;A0A6J3S631_TURTR;A0A6J3S7A2_TURTR	845;846;847	0.00	1,564.52	814.82
	1.00	A0A6J3QCB7_TURTR;A0A6J3QCM6_TURTR;A0A6J3QCN0_TURTR;A0A6J3QD25_TURTR;A0A6J3QD27_TURTR	854;855;856	0.00	3,065.03	1,173.77
	1.00	A0A6J3RDG7_TURTR;A0A6J3RDH3_TURTR;A0A6J3RDJ6_TURTR;A0A6J3RDJ7_TURTR;A0A6J3RE42_TURTR;A0A6J3RE98_TURTR;A0A6J3RFU4_TURTR;A0A6J3RFV3_TURTR	857;858;859;860;861;862	0.00	263.70	96.02
	1.00	A0A6J3RF75_TURTR;A0A6J3RH03_TURTR;A0A6J3RH09_TURTR;A0A6J3RH14_TURTR	866;867;868;869;870;871;872;873;874;875;876;877;878;879;880;881;882;883;884;885;886;887;888	0.00	539.25	346.09
	1.00	A0A2U4A0Q9_TURTR;A0A2U4A0S5_TURTR;A0A2U4A1P7_TURTR;A0A6J3QRB9_TURTR	889;890;891	0.00	1,895.52	524.65
	1.00	A0A6J3R8B4_TURTR	898	0.00	1,783.07	872.16
	1.00	A0A6J3R594_TURTR	900;901;902;903	0.00	279.27	111.08
	1.00	A0A6J3PUZ2_TURTR;A0A6J3PV01_TURTR;A0A6J3PVC0_TURTR;A0A6J3PVR8_TURTR	927	0.00	1,172.95	387.29
	1.00	A0A6J3RL93_TURTR;A0A6J3RLQ0_TURTR	933;934;935;936;937;938;939;940;941;942;943;944;945	0.00	183.10	93.20
	1.00	A0A2U4BYV2_TURTR;A0A2U4BYV8_TURTR;A0A2U4BYZ5_TURTR	946;947;948;949;950;951	0.00	510.79	151.91
	1.00	A0A6J3QLD2_TURTR;A0A6J3QLI5_TURTR;A0A6J3QM15_TURTR;A0A6J3QM30_TURTR	961;962	0.00	4,518.95	2,810.83
	1.00	A0A6J3QH82_TURTR	1006;1007;1008	0.00	247.27	78.57
	1.00	A0A2U4BR35_TURTR;A0A2U4BR36_TURTR;A0A2U4BRE3_TURTR	1016;1017;1018;1019;1020;1021;1022;1023;1024;1025;1026	0.00	215.21	58.29
	1.00	A0A6J3RN19_TURTR;A0A6J3RNE0_TURTR;A0A6J3RNT8_TURTR;A0A6J3RNU0_TURTR;A0A6J3RPA6_TURTR;A0A6J3RPB3_TURTR;A0A6J3RPH2_TURTR;A0A6J3RPH8_TURTR	1055;1056;1057;1058;1059;1060;1061;1062;1063;1064	0.00	745.40	269.00
	1.00	A0A6J3RGB8_TURTR;A0A6J3RHR7_TURTR	1187;1188;1189;1190;1191;1192;1193;1194;1195;1196;1197;1198;1199;1200;1201;1202;1203;1204;1205;1206	0.00	372.17	110.38
	1.00	A0A6J3R4E6_TURTR;A0A6J3R535_TURTR;A0A6J3R540_TURTR;A0A6J3R5C9_TURTR;A0A6J3R5D3_TURTR;A0A6J3R6W9_TURTR;A0A6J3R6X5_TURTR	1289	0.00	453.58	249.74
	1.00	A0A2U3V6I9_TURTR	1301;1302;1303	0.00	535.04	337.56
	1.00	A0A2U4A9F6_TURTR	1304;1305;1306;1307;1308	0.00	1,391.12	975.24
	1.00	A0A2U4AKS5_TURTR	1317;1318	0.00	476.48	287.07
	1.00	A0A2U3V451_TURTR;A0A2U4BFS8_TURTR	1340;1341;1342;1343;1344;1345;1346;1347;1348;1349;1350;1351;1352;1353;1354;1355;1356;1357;1358;1359	0.00	174.90	76.29
	1.00	A0A6J3R6K2_TURTR	1360;1361;1362;1363;1364;1365;1366;1367;1368;1369;1370;1371;1372;1373;1374;1375;1376;1377;1378;1379;1380;1381;1382	0.00	675.54	355.72
	1.00	A0A6J3R610_TURTR;A0A6J3R6J3_TURTR;A0A6J3R6W3_TURTR;A0A6J3R8N4_TURTR	1383;1384;1385;1386;1387;1388;1389;1390	0.00	2,354.71	1,341.48
	1.00	A0A6J3QEK1_TURTR	1399;1400;1401;1402;1403;1404;1405	0.00	556.71	337.24
	1.00	A0A2U4BXN5_TURTR	1410;1411;1412	0.00	1,082.22	464.41
	1.00	A0A2U3V319_TURTR	1413;1414;1415;1416;1417	0.00	837.91	567.14
	1.00	A0A6J3S378_TURTR	1535;1536;1537	0.00	1,465.72	873.80
	1.00	A0A2U4B6J6_TURTR;A0A6J3R1A7_TURTR	1538;1539;1540;1541;1542;1543	0.00	84.75	41.05
	1.00	A0A6J3PXT1_TURTR	1573;1574;1575;1576;1577;1578;1579;1580;1581	0.00	1,123.17	554.97
	1.00	A0A2U4C1S0_TURTR;A0A2U4C1U3_TURTR	1620;1621;1622;1623;1624;1625	0.00	712.70	260.58
	1.00	A0A2U4AW78_TURTR;A0A2U4AW85_TURTR;A0A2U4AW91_TURTR;A0A2U4AWA5_TURTR;A0A6J3R2H6_TURTR;A0A6J3R2L5_TURTR	1626;1627;1628	0.00	1,401.77	436.03
	1.00	A0A2U4BW07_TURTR	1688;1689	0.00	1,057.32	704.46
	1.00	A0A6J3S2F8_TURTR	1692	0.00	511.01	315.93
	1.00	A0A6J3RR56_TURTR;A0A6J3RR64_TURTR	1706;1707;1708;1709;1710;1711;1712;1713;1714	0.00	1,151.99	734.95
	1.00	A0A6J3RVX6_TURTR;A0A6J3RVY0_TURTR;A0A6J3RVY1_TURTR;A0A6J3RW06_TURTR;A0A6J3RW10_TURTR;A0A6J3RWI0_TURTR;A0A6J3RWI5_TURTR	1717	0.00	403.76	285.94
	1.00	A0A2U4CIY0_TURTR;A0A2U4CIZ2_TURTR;A0A2U4CJ79_TURTR	1748	0.00	268.32	117.73
	1.00	A0A2U3V3B6_TURTR;A0A2U4BM23_TURTR;A0A2U4BM24_TURTR;A0A2U4BM25_TURTR	1750;1751	0.00	1,177.79	526.88
	1.00	A0A2U3V1Y1_TURTR;A0A2U3V221_TURTR;A0A2U3V238_TURTR;A0A2U3V239_TURTR;A0A2U3V2F2_TURTR;A0A2U4CDF6_TURTR;A0A2U4CDF7_TURTR;A0A2U4CDG0_TURTR;A0A2U4CDG2_TURTR;A0A2U4CDG3_TURTR;A0A2U4CDG5_TURTR;A0A2U4CDG7_TURTR;A0A2U4CDG9_TURTR;A0A2U4CDH0_TURTR;A0A2U4CDH5_TURTR;A0A6J3RPU3_TURTR;A0A6J3RPY8_TURTR	1758;1759;1760;1761	0.00	725.88	402.26
	1.00	A0A2U4B4Q6_TURTR;A0A2U4B4R6_TURTR;A0A2U4B4S7_TURTR	1763;1764;1765;1766;1767	0.00	876.46	568.90
	1.00	A0A2U4AYM7_TURTR	1774	0.00	874.76	273.22
	1.00	A0A6J3RND0_TURTR;A0A6J3RNS7_TURTR	1845;1846;1847	0.00	201.54	103.74
	1.00	A0A2U4CJU4_TURTR;A0A2U4CJU5_TURTR;A0A2U4CJU7_TURTR;A0A2U4CJV0_TURTR;A0A2U4CK25_TURTR;A0A6J3PRY3_TURTR	1872;1873;1874;1875;1876;1877	0.00	198.15	80.95
	1.00	A0A2U4CPU5_TURTR	1902;1903	0.00	944.25	311.20
	1.00	A0A2U3V857_TURTR	1919;1920	0.00	1,189.49	619.74
	1.00	A0A2U4BFX5_TURTR	1928;1929	0.00	352.74	121.83
	1.00	A0A2U4ALP4_TURTR;A0A2U4AM30_TURTR	1930;1931	0.00	311.66	218.41
	1.00	A0A6J3RI32_TURTR;A0A6J3RIA4_TURTR	1975;1976;1977;1978;1979;1980;1981;1982;1983;1984	0.00	310.80	114.34
	1.00	A0A2U3ZYQ8_TURTR	1985;1986;1987	0.00	220.12	147.33
	1.00	A0A2U3V1X3_TURTR;A0A2U4CDU2_TURTR	1997	0.00	2,269.04	779.73
	1.00	A0A2U4C254_TURTR	1998	0.00	632.47	441.31
	1.00	A0A2U4AMH0_TURTR;A0A6J3RET6_TURTR;A0A6J3RH19_TURTR	2025;2026	0.00	397.01	274.43
	1.00	A0A6J3RVU1_TURTR;A0A6J3RVU7_TURTR;A0A6J3RVV1_TURTR;A0A6J3RVX3_TURTR;A0A6J3RVX8_TURTR;A0A6J3RVY4_TURTR;A0A6J3RWE8_TURTR;A0A6J3RWF3_TURTR	2030;2031;2032;2033;2034;2035;2036;2037;2038;2039;2040;2041;2042;2043	0.00	472.85	262.08
	1.00	A0A2U4CC81_TURTR;A0A2U4CC84_TURTR;A0A2U4CC85_TURTR;A0A2U4CC89_TURTR;A0A2U4CC90_TURTR;A0A2U4CC91_TURTR;A0A6J3S275_TURTR	2045	0.00	581.48	301.44
	1.00	A0A6J3S0P0_TURTR	2099	0.00	1,154.40	728.77
	1.00	A0A6J3RNX4_TURTR	2142;2143;2144	0.00	504.60	244.34
	1.00	A0A2U4CRR5_TURTR;A0A2U4CS20_TURTR	2145;2146	0.00	134.09	62.13
	1.00	A0A2U4CE98_TURTR	2159;2160;2161;2162;2163	0.00	695.00	209.33
	1.00	A0A2U4C787_TURTR;A0A6J3R3S9_TURTR	2298;2299;2300;2301;2302;2303	0.00	3,532.57	2,345.93
	1.00	A0A2U4BAR6_TURTR;A0A2U4BAU5_TURTR	2307;2308;2309;2310;2311;2312;2313	0.00	653.92	186.54
	1.00	A0A6J3RFX2_TURTR;A0A6J3RGL2_TURTR	2319;2320;2321;2322	0.00	1,414.49	536.91
	1.00	A0A2U4BZ83_TURTR	2323;2324;2325;2326;2327;2328	0.00	1,275.25	454.91
	1.00	A0A6J3RAR3_TURTR;A0A6J3RB00_TURTR;A0A6J3RBG9_TURTR;A0A6J3RBQ6_TURTR;A0A6J3RDF5_TURTR	2329;2330;2331;2332;2333;2334;2335;2336;2337;2338;2339;2340;2341	0.00	349.92	189.31
	1.00	A0A6J3RJZ1_TURTR;A0A6J3RK90_TURTR;A0A6J3RKB9_TURTR;A0A6J3RL53_TURTR	2342	0.00	436.97	165.00
	1.00	A0A2U4AQM6_TURTR;A0A6J3RWL1_TURTR	2351;2352;2353;2354;2355	0.00	1,759.54	935.90
	1.00	A0A2U4CAJ3_TURTR;A0A2U4CAL1_TURTR;A0A2U4CAR3_TURTR	2362;2363;2364;2365;2366;2367	0.00	1,432.09	545.30
	1.00	A0A6J3R9U4_TURTR	2400	0.00	705.48	382.22
	1.00	A0A6J3Q1G4_TURTR;A0A6J3Q1R4_TURTR	2401;2402	0.00	665.18	451.03
	1.00	A0A6J3RV91_TURTR;A0A6J3RVQ6_TURTR	2499;2500;2501;2502	0.00	497.59	269.39
	1.00	A0A6J3PYP1_TURTR;A0A6J3PYP5_TURTR	2526;2576;2579;2582;2587	0.00	194.55	84.23
	1.00	A0A6J3Q012_TURTR;A0A6J3Q033_TURTR;A0A6J3Q036_TURTR;A0A6J3Q052_TURTR;A0A6J3Q0M9_TURTR;A0A6J3Q0N4_TURTR	2592	0.00	177.57	61.11
	1.00	A0A2U3UZU9_TURTR	2724;2725	0.00	350.12	153.75
	1.00	A0A6J3S9S5_TURTR	2732;2733;2734	0.00	1,559.64	984.42
	1.00	A0A6J3RPL2_TURTR	2743;2744;2745;2746;2747;2748;2749	0.00	269.46	155.81
	1.00	A0A6J3QRQ7_TURTR	2754;2755;2756;2757;2758;2759;2760;2761	0.00	1,072.28	663.36
	1.00	A0A2U4AI15_TURTR;A0A2U4AIC1_TURTR;A0A6J3QLZ2_TURTR	2821	0.00	430.58	240.27
	1.00	A0A2U4AWS3_TURTR;A0A2U4AWT6_TURTR	2828;2829;2830;2831;2832;2833;2834;2835;2836;2837;2838;2839;2840;2841;2842;2843;2844;2845;2846;2847;2848;2849;2850;2851	0.00	238.36	70.11
	1.00	A0A6J3RR29_TURTR	2854;2855;2856;2857;2858	0.00	529.53	179.21
	1.00	A0A6J3RFY7_TURTR;A0A6J3RG34_TURTR;A0A6J3RGF4_TURTR;A0A6J3RGR2_TURTR	3003	0.00	1,116.82	814.31
	1.00	A0A2U3V6D5_TURTR;A0A2U3V6R8_TURTR;A0A2U4ARY6_TURTR;A0A2U4ARZ0_TURTR;A0A2U4ARZ2_TURTR;A0A2U4ARZ5_TURTR;A0A2U4AS03_TURTR;A0A2U4AS08_TURTR;A0A2U4ASF4_TURTR;A0A2U4ASF9_TURTR;A0A6J3RDQ9_TURTR;A0A6J3RDR1_TURTR;A0A6J3RDR5_TURTR;A0A6J3RDR6_TURTR;A0A6J3RDS0_TURTR;A0A6J3RDS1_TURTR;A0A6J3REA7_TURTR;A0A6J3REB2_TURTR;A0A6J3REB7_TURTR;A0A6J3REK1_TURTR;A0A6J3REL2_TURTR;A0A6J3RG11_TURTR;A0A6J3RG15_TURTR;A0A6J3RG21_TURTR	3015;3016;3017;3018;3019	0.00	592.77	296.92
	1.00	A0A2U4C947_TURTR;A0A2U4C949_TURTR;A0A2U4C965_TURTR;A0A2U4C9D7_TURTR	3020;3021;3022;3023;3024;3025;3026;3027;3028	0.00	753.33	429.35
	1.00	A0A6J3QTN0_TURTR;A0A6J3QTV9_TURTR	3030;3031;3032;3033;3034;3035;3036;3037;3038;3039;3040;3041;3042;3043;3044;3045;3046;3047;3048;3049;3050;3051;3052;3053;3054;3055;3056;3057;3058;3059;3060;3061;3062;3063;3064;3065;3066;3067;3068;3069;3070;3071;3072	0.00	756.51	283.56
	1.00	A0A2U4CBY2_TURTR;A0A6J3Q3K4_TURTR	3115;3116	0.00	329.32	180.41
	1.00	A0A2U4BGI7_TURTR;A0A2U4BGM5_TURTR;A0A2U4BGY1_TURTR	3137;3138;3139;3140	0.00	878.26	326.43
	1.00	A0A2U4AXI1_TURTR;A0A2U4AXY8_TURTR	3158;3159;3160;3161;3162;3163;3164;3165;3166;3167;3168;3169;3170;3171;3172;3173;3174;3175;3176;3177;3178	0.00	577.91	235.01
	1.00	A0A2U4AH76_TURTR	3181;3182;3183	0.00	883.48	494.68
	1.00	A0A2U3V692_TURTR	3184;3185	0.00	323.34	145.04
	1.00	A0A6J3RC57_TURTR;A0A6J3RC61_TURTR;A0A6J3RCQ2_TURTR;A0A6J3RCX6_TURTR	3206	0.00	659.77	258.64
	1.00	A0A2U4AX88_TURTR	3220;3221	0.00	1,071.24	378.42
	1.00	A0A2U4B4R7_TURTR	3326;3327;3328;3329	0.00	602.75	256.97
	1.00	A0A2U4ADN3_TURTR;A0A2U4AE47_TURTR	3345;3346	0.00	836.51	418.26
	1.00	A0A2U4CKA7_TURTR;A0A2U4CKA9_TURTR;A0A2U4CKB1_TURTR;A0A2U4CKB2_TURTR;A0A2U4CKB3_TURTR;A0A2U4CKB9_TURTR;A0A2U4CKC3_TURTR;A0A2U4CKI3_TURTR;A0A2U4CKJ3_TURTR;A0A2U4CKK1_TURTR	3356;3357;3358;3359;3360;3361;3362;3363;3364	0.00	668.11	442.29
	1.00	A0A6J3QJV1_TURTR	3424;3425;3426;3427;3428	0.00	707.46	315.92
	1.00	A0A6J3PT35_TURTR	3429;3430;3431	0.00	4,048.87	2,736.29
	1.00	A0A2U4BTJ9_TURTR	3442;3443;3444;3445;3446;3447;3448;3449	0.00	7,518.83	2,096.64
	1.00	A0A6J3S0F9_TURTR	3456;3457;3458	0.00	3,042.31	1,645.49
	1.00	A0A6J3S4S0_TURTR;A0A6J3S4X3_TURTR	3468;3469	0.00	413.92	239.38
	1.00	A0A6J3QSH2_TURTR;A0A6J3QT34_TURTR;A0A6J3QTB5_TURTR;A0A6J3QTH8_TURTR	3470;3471;3472	0.00	2,386.21	775.77
	1.00	A0A2U4APB8_TURTR;A0A2U4APC5_TURTR;A0A2U4APS3_TURTR	3494;3495;3496;3497;3498;3499;3500	0.00	1,003.57	605.00
	1.00	A0A2U3V9G0_TURTR	3501;3502;3503	0.00	8,236.35	4,708.78
	1.00	A0A2U4C5P3_TURTR	3504;3505;3506;3507	0.00	6,486.76	2,944.92
	1.00	A0A2U4C4U5_TURTR	3508;3509;3510;3511;3512;3513;3514;3515	0.00	1,695.59	633.11
	1.00	A0A6J3QR67_TURTR;A0A6J3QRF5_TURTR;A0A6J3QRY9_TURTR	3709;3710;3711;3712	0.00	931.84	555.48
	1.00	A0A2U4BKP3_TURTR;A0A2U4BKS7_TURTR;A0A2U4BL12_TURTR	3723	0.00	1,527.60	1,076.84
	1.00	A0A2U4CBH8_TURTR;A0A6J3QYN0_TURTR;A0A6J3RGJ6_TURTR;A0A6J3RXA8_TURTR	3802;3803;3804;3805;3806	0.00	897.38	370.76
	1.00	A0A2U3V3Y2_TURTR;A0A2U4BIC0_TURTR;A0A2U4BIC6_TURTR;A0A2U4BIE3_TURTR;A0A2U4BIE9_TURTR;A0A2U4BII3_TURTR;A0A2U4BIJ0_TURTR;A0A2U4BIR9_TURTR;A0A6J3R451_TURTR;A0A6J3R4D7_TURTR;A0A6J3R4E1_TURTR;A0A6J3R4T6_TURTR;A0A6J3R4U1_TURTR;A0A6J3R541_TURTR;A0A6J3R6K9_TURTR	3814	0.00	416.48	288.77
	1.00	A0A2U4BS49_TURTR;A0A6J3RH23_TURTR	3815;3816;3817;3818;3819;3820	0.00	657.82	201.34
	1.00	A0A6J3RQV8_TURTR	3829;3830;3831	0.00	1,053.15	485.20
	1.00	A0A2U4CMU0_TURTR;A0A2U4CN05_TURTR	3856;3857;3858;3859	0.00	1,268.89	594.83
	1.00	A0A2U3V502_TURTR	3878;3879;3880;3881	0.00	151.97	75.07
	1.00	A0A6J3R9E6_TURTR;A0A6J3R9N5_TURTR;A0A6J3RA59_TURTR;A0A6J3RAJ4_TURTR;A0A6J3RAJ7_TURTR;A0A6J3RC95_TURTR	3949;3950;3951;3952	0.00	164.24	107.20
	1.00	A0A6J3S9U2_TURTR	3953;3954;3955;3956	0.00	2,801.24	1,279.97
	1.00	A0A6J3R250_TURTR	3988;3989;3990;3991	0.00	600.02	376.68
	1.00	A0A2U3V443_TURTR;A0A2U4ADM0_TURTR;A0A2U4ADM6_TURTR;A0A6J3RL19_TURTR	3998	0.00	727.54	419.71
	1.00	A0A6J3QVN8_TURTR;A0A6J3QW98_TURTR;A0A6J3QX80_TURTR;A0A6J3QX85_TURTR	4002;4003;4004;4005;4006;4007;4008;4009;4010;4011;4012;4013;4014	0.00	2,454.98	960.82
	1.00	A0A6J3RMN7_TURTR	4015;4016;4017;4018;4019;4020;4021;4022;4023;4024;4025;4026;4027;4028;4029	0.00	966.32	321.64
	1.00	A0A2U4A6R6_TURTR;A0A6J3QA98_TURTR	4047;4048;4049	0.00	531.04	161.51
	1.00	A0A6J3S277_TURTR	4065;4066;4067;4068;4069;4070;4071;4072;4073;4074;4075;4076;4077;4078;4079;4080;4081;4082;4083;4084;4085;4086;4087;4088	0.00	1,796.73	640.71
	1.00	A0A2U4B1M7_TURTR;A0A2U4B1N2_TURTR;A0A2U4B1N8_TURTR;A0A2U4B1N9_TURTR;A0A2U4B1S3_TURTR;A0A2U4B234_TURTR	4092;4093	0.00	450.88	215.81
	1.00	A0A2U4ABQ3_TURTR;A0A2U4ABZ2_TURTR	4094;4095;4096;4097;4098;4099	0.00	231.77	102.17
	1.00	A0A2U3V0H9_TURTR;A0A2U4BM69_TURTR;A0A2U4BM76_TURTR;A0A2U4BMB3_TURTR	4119;4120	0.00	4,019.03	2,206.73
	1.00	A0A6J3RCL7_TURTR	4135;4136;4137;4138;4140;4141;4142;4144;4145	0.00	186.29	68.89
	1.00	A0A2U4A6P5_TURTR	4157;4158;4159;4160;4161;4162;4163;4164;4165;4166;4167;4168;4169;4170;4171;4172;4173	0.00	1,222.22	599.39
	1.00	A0A2U3V478_TURTR	4179;4180;4181	0.00	634.13	277.83
	1.00	A0A6J3PS54_TURTR;A0A6J3PSP0_TURTR	4201;4202;4203;4204;4205;4206;4207;4208	0.00	1,313.66	777.17
	1.00	A0A6J3RWP3_TURTR	4301;4302;4303;4304	0.00	569.82	168.09
	1.00	A0A2U4ARJ3_TURTR;A0A6J3RCR1_TURTR;A0A6J3RCT9_TURTR;A0A6J3RDD6_TURTR;A0A6J3RDL3_TURTR	4348;4349;4350	0.00	404.06	251.92
	1.00	A0A2U4C7A4_TURTR;A0A2U4C7A8_TURTR	4351;4352;4353;4354	0.00	664.12	396.87
	1.00	A0A6J3RM87_TURTR;A0A6J3RMT9_TURTR;A0A6J3RN69_TURTR;A0A6J3RN74_TURTR	4412;4413;4414	0.00	958.30	670.71
	1.00	A0A2U4A861_TURTR;A0A2U4A872_TURTR	4417;4418	0.00	533.40	201.72
	1.00	A0A6J3RU80_TURTR	4441;4442;4443	0.00	352.94	106.74
	1.00	A0A2U3V081_TURTR;A0A2U4AYJ5_TURTR;A0A2U4AZ48_TURTR;A0A2U4AZP5_TURTR;A0A2U4AZX1_TURTR;A0A2U4AZY8_TURTR;A0A2U4B053_TURTR;A0A2U4B085_TURTR;A0A2U4B0I5_TURTR;A0A2U4B0M3_TURTR;A0A2U4B0V0_TURTR;A0A2U4B1B3_TURTR;A0A2U4B1E5_TURTR;A0A2U4B1J3_TURTR;A0A2U4B1U0_TURTR;A0A2U4B1Z3_TURTR;A0A2U4B262_TURTR;A0A6J3Q5B2_TURTR;A0A6J3Q5K0_TURTR;A0A6J3Q634_TURTR	4452;4453;4454;4455	0.00	476.63	211.31
	1.00	A0A2U4BJ44_TURTR	4462;4463	0.00	2,177.00	1,152.77
	1.00	A0A2U4C5I4_TURTR	4509;4510;4511;4512;4513;4514;4515;4516;4517;4518;4519	0.00	1,548.27	528.05
	1.00	A0A2U3V017_TURTR;A0A2U4A5S4_TURTR	4524;4525	0.00	4,148.04	2,173.22
	1.00	A0A6J3QRL9_TURTR	4527;4528;4529;4530	0.00	1,110.02	695.45
	1.00	A0A2U4CBN2_TURTR	4536	0.00	1,894.17	985.44
	1.00	A0A6J3RJW2_TURTR;A0A6J3RK58_TURTR;A0A6J3RK87_TURTR;A0A6J3RL18_TURTR;A0A6J3RLW4_TURTR	4550;4551;4552	0.00	471.38	268.12
	1.00	A0A6J3QG94_TURTR;A0A6J3QGB0_TURTR;A0A6J3QGZ0_TURTR;A0A6J3QGZ5_TURTR;A0A6J3QHF2_TURTR;A0A6J3QHF8_TURTR	4556	0.00	1,025.79	298.23
	1.00	A0A2U4C505_TURTR	4557;4558;4559	0.00	9,770.15	4,952.07
	1.00	A0A2U4AG15_TURTR;A0A2U4BV51_TURTR	4626;4627	0.00	2,394.82	838.87
	1.00	A0A6J3PTK5_TURTR;A0A6J3S771_TURTR	4628;4629;4630	0.00	1,278.38	786.96
	1.00	A0A2U4CF56_TURTR	4641;4642;4643;4644;4645;4646;4647;4648	0.00	4,221.70	2,219.31
	1.00	A0A2U4CPT0_TURTR;A0A6J3RYG6_TURTR	4649;4650;4651;4652;4653;4654;4655	0.00	1,924.14	1,245.53
	1.00	A0A6J3Q1D9_TURTR;A0A6J3Q1I1_TURTR;A0A6J3Q205_TURTR	4720;4721;4722;4723	0.00	806.92	270.68
	1.00	A0A2U4ADF5_TURTR;A0A2U4ADG0_TURTR;A0A2U4ADI6_TURTR;A0A2U4ADQ2_TURTR;A0A2U4ADQ6_TURTR;A0A2U4AE08_TURTR;A0A6J3RKP5_TURTR;A0A6J3RL26_TURTR;A0A6J3RL32_TURTR;A0A6J3RL36_TURTR;A0A6J3RLX4_TURTR;A0A6J3RMH7_TURTR	4730;4731;4732;4733;4734;4735;4736;4737;4738;4739;4740;4741;4742;4743;4744;4745;4746;4747;4748;4749;4750	0.00	572.38	284.68
	1.00	A0A6J3RSF9_TURTR	4769;4770;4771;4772;4773;4774;4775;4776;4777;4778;4779;4780;4781;4782;4783;4784;4785;4786;4787;4788;4789;4790;4791;4792;4793;4794;4795;4796;4797;4798;4799;4800;4801;4802;4803;4804;4805;4806;4807;4808	0.00	3,633.06	1,115.43
	1.00	A0A6J3S1H0_TURTR;A0A6J3S1H4_TURTR;A0A6J3S1I9_TURTR;A0A6J3S1J3_TURTR;A0A6J3S1L8_TURTR;A0A6J3S1M2_TURTR;A0A6J3S257_TURTR;A0A6J3S262_TURTR;A0A6J3S2K4_TURTR;A0A6J3S2K7_TURTR	4873;4874;4875;4876;4877;4878;4879;4880;4881;4882;4883;4884;4885;4886	0.00	327.72	150.25
	1.00	A0A6J3RQ88_TURTR;A0A6J3RQL7_TURTR;A0A6J3RQN7_TURTR;A0A6J3RR91_TURTR;A0A6J3RR95_TURTR;A0A6J3RR99_TURTR	4887;4888	0.00	305.67	149.35
	1.00	A0A2U4AL99_TURTR;A0A6J3PSU3_TURTR;A0A6J3PT01_TURTR;A0A6J3PTF5_TURTR	4889	0.00	743.60	448.79
	1.00	A0A2U4CIE8_TURTR;A0A2U4CIF1_TURTR;A0A2U4CIF3_TURTR;A0A2U4CIG0_TURTR;A0A2U4CIG1_TURTR	4890;4891;4892	0.00	737.42	262.38
	1.00	A0A2U4AW10_TURTR	4909;4910;4911;4912;4913	0.00	2,582.58	917.98
	1.00	A0A6J3RQD8_TURTR;A0A6J3RR06_TURTR;A0A6J3RR10_TURTR;A0A6J3RR13_TURTR;A0A6J3RR14_TURTR	4916;4917;4918;4919;4920;4921;4922;4923;4924;4925;4926;4927;4928;4929;4930;4931;4932;4933	0.00	289.96	142.47
	1.00	A0A2U4AGF1_TURTR;A0A2U4AGH0_TURTR;A0A2U4AGM7_TURTR	4956;4957;4958;4959	0.00	331.97	177.15
	1.00	A0A2U4AB88_TURTR;A0A2U4ABL1_TURTR	4960	0.00	495.14	230.08
	1.00	A0A6J3PUU1_TURTR	4961	0.00	505.77	237.82
	1.00	A0A2U3V1S5_TURTR;A0A2U3V234_TURTR	4977;4978	0.00	728.67	335.20
	1.00	A0A6J3QZB5_TURTR	5012;5013;5014;5015	0.00	867.80	606.99
	1.00	A0A6J3QP84_TURTR;A0A6J3QP89_TURTR;A0A6J3QPD0_TURTR;A0A6J3QPD5_TURTR;A0A6J3QPU3_TURTR;A0A6J3QPV2_TURTR;A0A6J3QQ35_TURTR;A0A6J3QQ40_TURTR;A0A6J3QQ46_TURTR;A0A6J3QQG7_TURTR;A0A6J3QQH3_TURTR	5016;5017;5018;5019	0.00	289.81	113.45
	1.00	A0A2U3V4E7_TURTR	5022;5023;5024;5025	0.00	420.98	238.83
	1.00	A0A2U3ZYH8_TURTR;A0A2U3ZYI6_TURTR;A0A2U3ZYK2_TURTR;A0A2U3ZYK6_TURTR;A0A2U3ZZI8_TURTR	5037;5038	0.00	599.62	346.07
	1.00	A0A6J3RZ93_TURTR;A0A6J3RZB9_TURTR;A0A6J3S080_TURTR	5039;5040;5041;5042;5043;5044;5045	0.00	1,036.40	507.58
	1.00	A0A2U4AI33_TURTR;A0A2U4AI41_TURTR;A0A2U4AI45_TURTR;A0A6J3Q9R6_TURTR;A0A6J3QAB4_TURTR;A0A6J3QAN0_TURTR	5066	0.00	410.11	191.78
	1.00	A0A2U3V200_TURTR	5109;5110;5111;5112;5113;5114;5115;5116;5117;5118;5119;5120	0.00	406.86	126.32
	1.00	A0A2U3V4W1_TURTR;A0A2U4AUM5_TURTR;A0A2U4AUN0_TURTR;A0A6J3QYR0_TURTR;A0A6J3QZ04_TURTR	5121	0.00	996.21	324.75
	1.00	A0A6J3QLU6_TURTR;A0A6J3QLV1_TURTR;A0A6J3QMK0_TURTR;A0A6J3QN06_TURTR	5122;5123;5124;5125;5126;5127;5128;5129;5130;5131;5132;5133;5134;5135;5136	0.00	2,451.25	1,637.22
	1.00	A0A6J3QJJ1_TURTR;A0A6J3QJL5_TURTR;A0A6J3QK25_TURTR	5201	0.00	102.30	66.55
	1.00	A0A2U4C9K2_TURTR;A0A2U4C9T2_TURTR;A0A6J3QYU8_TURTR;A0A6J3QZ56_TURTR	5208;5209;5210;5211	0.00	546.59	395.15
	1.00	A0A6J3QFE8_TURTR;A0A6J3QFG2_TURTR	5351;5352;5353;5354;5355;5356;5357;5358;5359;5360;5361	0.00	1,628.23	906.48
	1.00	A0A6J3RRY6_TURTR;A0A6J3RSC9_TURTR	5362	0.00	284.86	110.79
	1.00	A0A6J3RT57_TURTR	5429;5430;5431;5432	0.00	2,538.34	1,210.63
	1.00	Q9GMZ5_TURTR	5433	0.00	1,548.80	922.66
	1.00	A0A2U4CP68_TURTR;A0A2U4CP77_TURTR;A0A6J3SAM5_TURTR	5438;5439;5440;5441;5442;5443;5444;5445;5446;5447	0.00	213.53	128.79
	1.00	A0A2U4B3V9_TURTR;A0A2U4B410_TURTR;A0A6J3RF69_TURTR	5467;5468;5469;5470;5471;5472	0.00	289.23	109.98
	1.00	A0A2U4AP94_TURTR;A0A2U4AP95_TURTR	5480	0.00	876.92	263.70
	1.00	A0A2U4A1G6_TURTR;A0A2U4A1G8_TURTR;A0A2U4A1H1_TURTR;A0A2U4A2E6_TURTR	5482;5483	0.00	564.91	280.99
	1.00	A0A2U4BPB6_TURTR	5542	0.00	342.74	195.05
	1.00	A0A2U4CLW3_TURTR	5543;5544	0.00	1,200.72	358.87
	1.00	A0A2U3V5R7_TURTR;A0A2U4BN68_TURTR;A0A2U4BN79_TURTR	5545;5546	0.00	494.69	205.66
	1.00	A0A2U4C3F1_TURTR;A0A2U4C3I4_TURTR	5558	0.00	648.32	441.65
	1.00	A0A2U4ANL9_TURTR	5588;5589;5590	0.00	451.21	282.82
	1.00	A0A2U4CH98_TURTR;A0A2U4CHA3_TURTR;A0A2U4CHA9_TURTR	5600	0.00	859.83	531.24
	1.00	A0A2U4B701_TURTR;A0A2U4B703_TURTR;A0A2U4B704_TURTR;A0A2U4B7E8_TURTR	5606;5607	0.00	147.34	74.80
	1.00	A0A2U4CS29_TURTR;A0A2U4CS44_TURTR;A0A2U4CS99_TURTR	5622;5623	0.00	811.50	309.47
	1.00	A0A6J3RUB6_TURTR;A0A6J3RUE7_TURTR	5707;5708;5709;5710	0.00	825.91	471.47
	1.00	A0A2U4BQP2_TURTR;A0A2U4BQV4_TURTR	5768;5769	0.00	728.94	524.56
	1.00	A0A2U4BG86_TURTR	5775;5776;5777;5778;5779;5780;5781;5782;5783;5784;5785;5786;5787;5788;5789;5790	0.00	169.83	106.52
	1.00	A0A2U4CEV3_TURTR;A0A6J3RV87_TURTR	5791;5792	0.00	3,169.59	968.70
	1.00	A0A6J3QR42_TURTR;A0A6J3QRW0_TURTR;A0A6J3QSA1_TURTR	5795;5796;5797;5798;5799;5800;5801	0.00	186.17	67.83
	1.00	A0A2U3V6D2_TURTR	5802;5803;5804;5805;5806	0.00	65.47	23.03
	1.00	A0A2U4AL17_TURTR;A0A2U4AL69_TURTR;A0A2U4ALE1_TURTR;A0A2U4ALP0_TURTR;A0A6J3PZK3_TURTR	5824;5825;5826;5827;5828	0.00	773.65	476.29
	1.00	A0A6J3QA70_TURTR;A0A6J3QAD1_TURTR;A0A6J3QAS5_TURTR;A0A6J3QB46_TURTR	5829;5830;5831;5832;5833	0.00	1,350.25	482.56
	1.00	A0A6J3RCW6_TURTR;A0A6J3REI1_TURTR	5834	0.00	1,327.56	540.95
	1.00	A0A2U4AZR9_TURTR	5856;5857;5858;5859;5860	0.00	677.09	468.17
	1.00	A0A6J3R4N7_TURTR	5865;5866;5867;5868;5869;5870;5871	0.00	699.25	223.16
	1.00	A0A6J3S3A4_TURTR;A0A6J3S3B3_TURTR	5872	0.00	4,514.35	1,959.74
	1.00	A0A6J3QRY3_TURTR	5880;5881;5882;5883	0.00	443.29	216.28
	1.00	A0A2U4BPX3_TURTR;A0A2U4BPY9_TURTR;A0A2U4BQA2_TURTR	5934	0.00	191.45	113.54
	1.00	A0A2U4BMY2_TURTR;A0A2U4BMZ2_TURTR;A0A2U4BMZ3_TURTR;A0A2U4BMZ6_TURTR;A0A2U4BN00_TURTR;A0A2U4BN33_TURTR;A0A2U4BN38_TURTR;A0A2U4BNA6_TURTR;A0A2U4BNB5_TURTR	5935;5936	0.00	426.63	132.18
	1.00	A0A6J3QVI2_TURTR	5958	0.00	1,504.43	575.15
	1.00	A0A6J3R5M8_TURTR;A0A6J3R5Q1_TURTR	5959;5960;5961;5962;5963;5964;5965;5966;5967;5968;5969;5970;5971;5972;5973;5974;5975;5976	0.00	1,128.74	389.96
	1.00	A0A2U3ZZJ6_TURTR	5977;5978	0.00	420.97	208.66
	1.00	A0A2U4AI60_TURTR	6001	0.00	126.12	86.84
	1.00	A0A2U4CNJ3_TURTR	6026;6027;6028;6029;6030;6031;6032	0.00	1,795.43	1,067.37
	1.00	A0A2U4CQY4_TURTR	6038;6039	0.00	2,435.47	1,029.14
	1.00	A0A2U4CI16_TURTR;A0A6J3QZB6_TURTR;A0A6J3QZL8_TURTR;A0A6J3R014_TURTR;A0A6J3R049_TURTR	6040;6041;6042	0.00	290.22	144.44
	1.00	A0A6J3RUT8_TURTR;A0A6J3RUU3_TURTR;A0A6J3RUU9_TURTR;A0A6J3RUY1_TURTR;A0A6J3RUZ3_TURTR;A0A6J3RV18_TURTR;A0A6J3RV21_TURTR;A0A6J3RV22_TURTR;A0A6J3RV25_TURTR;A0A6J3RV29_TURTR;A0A6J3RVI4_TURTR;A0A6J3RVI9_TURTR	6047;6048;6049;6050;6051;6052;6053;6054;6055;6056	0.00	465.48	278.03
	1.00	A0A6J3S6T0_TURTR	6069;6070;6071	0.00	487.91	314.29
	1.00	A0A2U4CRV6_TURTR;A0A2U4CRW2_TURTR;A0A2U4CRY0_TURTR;A0A6J3S5K3_TURTR;A0A6J3S6X7_TURTR	6082;6083;6084;6085;6086;6087;6088;6089;6090;6091	0.00	612.47	216.53
	1.00	A0A6J3QGU2_TURTR;A0A6J3QGW9_TURTR	6092;6093	0.00	441.79	143.53
	1.00	A0A6J3QDV4_TURTR	6094;6095;6096;6097;6098;6099;6100;6101;6102;6103;6104;6105;6106;6107;6108	0.00	565.28	173.64
	1.00	A0A2U3V2E0_TURTR	6109	0.00	732.27	475.26
	1.00	A0A2U4C2G2_TURTR	6119;6120;6121;6122;6123;6124	0.00	616.59	369.41
	1.00	A0A6J3QK87_TURTR;A0A6J3QKR9_TURTR	6131	0.00	560.70	287.35
	1.00	A0A6J3QQI5_TURTR;A0A6J3QWM3_TURTR	6161;6162;6163;6164;6165;6166;6167;6168;6169;6170;6171;6172	0.00	433.50	190.32
	1.00	A0A2U4AXF2_TURTR;A0A2U4AXX3_TURTR;A0A6J3R2A6_TURTR	6195;6196;6197;6198;6199;6200;6201;6202;6203;6204;6205;6206;6207;6208;6209;6210	0.00	46.04	19.74
	1.00	A0A2U4B1T6_TURTR	6244;6245	0.00	509.70	200.12
	1.00	A0A2U4A9B4_TURTR	6252;6253;6254;6255;6256;6257;6258;6259;6260;6261;6262;6263;6264;6265;6266;6267;6268;6269;6270;6271;6272	0.00	312.04	147.16
	1.00	A0A6J3S2D4_TURTR;A0A6J3S326_TURTR	6273;6274;6275;6276;6277;6278;6279;6280;6281;6282	0.00	981.29	433.94
	1.00	A0A2U4B6D0_TURTR;A0A6J3R0Q1_TURTR;A0A6J3R115_TURTR	6283;6284;6285;6286;6287;6288;6289;6290;6291	0.00	1,136.68	534.82
	1.00	A0A6J3R5T9_TURTR;A0A6J3R6P5_TURTR;A0A6J3R8G0_TURTR	6292	0.00	429.62	270.59
	1.00	A0A2U4AD63_TURTR;A0A2U4ADQ4_TURTR;A0A6J3QL53_TURTR;A0A6J3QLL3_TURTR	6304;6305;6306;6307;6308	0.00	106.97	59.85
	1.00	A0A6J3RZ55_TURTR;A0A6J3RZ81_TURTR;A0A6J3RZA3_TURTR;A0A6J3S063_TURTR	6309;6310;6311;6312;6313;6314;6315;6316;6317;6318;6319;6320;6321;6322;6323;6324	0.00	26.08	17.61
	1.00	A0A6J3PWM0_TURTR	6330;6331;6332;6333;6334;6335;6336;6337	0.00	258.01	133.54
	1.00	A0A2U3V6C0_TURTR;A0A2U4BB22_TURTR;A0A2U4BB26_TURTR;A0A2U4BBG0_TURTR;A0A2U4BBG4_TURTR;A0A6J3R1X4_TURTR;A0A6J3RH10_TURTR	6346	0.00	274.52	139.19
	1.00	A0A2U3UZU0_TURTR	6380	0.00	1,079.01	502.64
	1.00	A0A2U3UZD7_TURTR	6385	0.00	287.68	122.66
	1.00	A0A2U4BD59_TURTR	6392	0.00	670.78	218.81
	1.00	A0A6J3R091_TURTR;A0A6J3R0B5_TURTR;A0A6J3R1H4_TURTR	6409;6410	0.00	543.44	181.87
	1.00	A0A2U4C937_TURTR;A0A2U4C940_TURTR;A0A2U4C9C9_TURTR;A0A6J3RIJ3_TURTR	6414	0.00	709.77	367.08
	1.00	A0A6J3RFG6_TURTR;A0A6J3RFL3_TURTR;A0A6J3RFZ0_TURTR;A0A6J3RGB1_TURTR;A0A6J3RHQ9_TURTR	6417;6418;6419;6420;6421;6422;6423;6424	0.00	1,377.01	599.77
	1.00	A0A6J3RLC9_TURTR;A0A6J3RMQ2_TURTR	6425	0.00	1,968.24	1,062.09
	1.00	A0A6J3RW94_TURTR;A0A6J3RWA7_TURTR;A0A6J3RWB3_TURTR	6433;6434;6435;6436;6437;6438;6439;6440;6441;6442;6443;6444;6445;6446;6447;6448;6449;6450;6451;6452;6453;6454;6455	0.00	837.81	384.94
	1.00	A0A2U3V330_TURTR;A0A2U4A3X4_TURTR;A0A2U4A3Y2_TURTR	6456;6457;6458;6459	0.00	661.80	210.38
	1.00	A0A6J3QQV6_TURTR;A0A6J3QQZ1_TURTR;A0A6J3QR70_TURTR;A0A6J3QRB3_TURTR;A0A6J3QRJ5_TURTR;A0A6J3QRQ2_TURTR	6462;6463;6464	0.00	2,483.07	937.25
	1.00	A0A6J3PS38_TURTR;A0A6J3PSJ4_TURTR	6476;6477;6478;6479;6480;6481	0.00	2,610.86	1,606.00
	1.00	A0A6J3R0U2_TURTR	6487;6488;6489;6490	0.00	986.64	721.63
	1.00	A0A2U4A7G7_TURTR;A0A2U4A7G9_TURTR;A0A2U4A890_TURTR	6491;6492;6493;6494	0.00	487.29	135.10
	1.00	A0A2U3V0K5_TURTR	6508;6509	0.00	788.62	375.11
	1.00	A0A6J3S151_TURTR	6522;6523;6524;6525;6526	0.00	732.38	361.81
	1.00	A0A2U3V629_TURTR;A0A2U4C3Y3_TURTR	6598;6599;6600	0.00	987.18	279.76
	1.00	A0A2U4AQ70_TURTR	6630;6631;6632;6633;6634;6635;6636;6637;6638;6639;6640;6641;6642;6643	0.00	209.19	81.11
	1.00	A0A6J3RJ60_TURTR;A0A6J3RJF6_TURTR;A0A6J3RJG6_TURTR;A0A6J3RJI7_TURTR;A0A6J3RJJ5_TURTR;A0A6J3RKB5_TURTR;A0A6J3RKC1_TURTR;A0A6J3RL79_TURTR;A0A6J3RL85_TURTR	6687;6688;6689;6690;6691	0.00	157.73	58.48
	1.00	A0A6J3R4F9_TURTR;A0A6J3R5E4_TURTR	6698;6699;6700;6701	0.00	557.24	288.26
	1.00	A0A6J3RQK8_TURTR;A0A6J3RQL3_TURTR;A0A6J3RQL4_TURTR;A0A6J3RR82_TURTR	6702;6703;6704;6705;6706;6707;6708;6709;6710;6711;6712;6713;6714;6715;6716;6717;6718;6719;6720;6721;6722;6723;6724;6725;6726;6727;6728;6729;6730;6731;6732;6733;6734;6735;6736	0.00	505.73	188.89
	1.00	A0A2U4A3K1_TURTR	6740;6741;6742	0.00	751.50	403.09
	1.00	A0A6J3QWW4_TURTR;A0A6J3QWW9_TURTR;A0A6J3QXC4_TURTR;A0A6J3QYA5_TURTR	6746;6747	0.00	752.95	316.66
	1.00	A0A6J3R944_TURTR;A0A6J3R9A1_TURTR	6753;6754;6755;6756;6757;6758;6759;6760;6761;6762;6763;6764;6765;6766;6767;6768;6769;6770;6771;6772;6773;6774;6775;6776	0.00	929.26	472.88
	1.00	A0A6J3R468_TURTR;A0A6J3R4L7_TURTR	6901;6902;6903;6904;6905;6906;6907;6908;6909	0.00	1,091.89	399.30
	1.00	A0A2U3V1X1_TURTR	6910;6911;6912;6913;6914;6915;6916;6917;6918;6919	0.00	513.50	148.17
	1.00	A0A6J3PZ59_TURTR;A0A6J3PZ75_TURTR	6920;6921	0.00	2,066.67	757.01
	1.00	A0A2U4C5C9_TURTR;A0A2U4C5L4_TURTR	6958	0.00	152.45	109.63
	1.00	A0A2U4C5L7_TURTR;A0A2U4C5M4_TURTR;A0A2U4C5U2_TURTR;A0A6J3RYW0_TURTR	6959;6960;6961	0.00	930.57	283.39
	1.00	A0A2U4CGM3_TURTR;A0A2U4CGN5_TURTR;A0A2U4CGS3_TURTR	6980	0.00	952.41	459.95
	1.00	A0A6J3S866_TURTR;A0A6J3S9T8_TURTR	6989	0.00	1,227.32	606.22
	1.00	A0A6J3RMC0_TURTR;A0A6J3RN34_TURTR;A0A6J3RN44_TURTR;A0A6J3RNK2_TURTR	6997	0.00	568.43	196.31
	1.00	A0A6J3Q1W5_TURTR	7004;7005	0.00	674.01	363.26
	1.00	A0A6J3R6U6_TURTR;A0A6J3R794_TURTR;A0A6J3R7P2_TURTR;A0A6J3R9I0_TURTR	7044;7045;7046;7047	0.00	1,261.83	671.27
	1.00	A0A2U4AD25_TURTR	7054;7055;7056;7057;7058	0.00	455.75	201.14
	1.00	A0A2U4CHL8_TURTR	7062;7063;7064;7065	0.00	616.24	292.13
	1.00	A0A6J3RJN2_TURTR;A0A6J3RJY3_TURTR;A0A6J3RK06_TURTR;A0A6J3RKT5_TURTR;A0A6J3RKU0_TURTR;A0A6J3RLP8_TURTR	7080;7081;7082;7083;7084;7085	0.00	736.85	313.87
	1.00	A0A2U4A3K7_TURTR	7086	0.00	701.65	494.12
	1.00	A0A2U4B581_TURTR;A0A2U4B585_TURTR;A0A2U4B596_TURTR;A0A2U4B599_TURTR;A0A2U4B5B2_TURTR;A0A2U4B5D4_TURTR;A0A2U4B5E5_TURTR;A0A2U4B5F0_TURTR;A0A2U4B5M6_TURTR;A0A2U4B5P1_TURTR	7088;7089;7090;7091;7092	0.00	576.10	182.17
	1.00	A0A2U4A0N5_TURTR;A0A6J3R9C9_TURTR	7096;7097;7098;7099	0.00	1,045.34	718.98
	1.00	A0A6J3PTA2_TURTR;A0A6J3PTP1_TURTR	7105;7106	0.00	816.47	576.50
	1.00	A0A2U4AJG0_TURTR;A0A2U4AJH0_TURTR;A0A2U4AJI1_TURTR;A0A2U4AJM1_TURTR;A0A2U4AJN8_TURTR	7107	0.00	567.95	303.48
	1.00	A0A6J3QLB2_TURTR	7108	0.00	2,888.78	1,710.89
	1.00	A0A6J3QP58_TURTR	7124;7125;7126;7127;7128;7129;7130	0.00	71.10	33.48
	1.00	A0A6J3RQQ8_TURTR;A0A6J3RQY1_TURTR;A0A6J3RRM2_TURTR	7135	0.00	202.82	72.49
	1.00	A0A2U4CB66_TURTR;A0A2U4CB99_TURTR;A0A6J3R704_TURTR	7163;7164;7165	0.00	360.04	216.90
	1.00	A0A6J3RQI5_TURTR	7177;7178;7179;7180;7181;7182	0.00	718.65	336.10
	1.00	A0A2U4AM43_TURTR	7191;7192;7193;7194;7195;7196;7197;7198	0.00	2,553.20	1,556.99
	1.00	A0A2U3V4Y3_TURTR	7219;7220;7221	0.00	237.45	122.08
	1.00	A0A2U4B9H8_TURTR	7383;7384;7385	0.00	816.19	367.15
	1.00	A0A2U3V7R1_TURTR;A0A2U4BQK8_TURTR	7388;7389;7390;7391	0.00	1,055.94	707.73
	1.00	A0A2U4BK46_TURTR;A0A2U4BK78_TURTR	7396;7397;7398;7399;7400;7401;7402;7403;7404	0.00	883.52	529.03
	1.00	A0A6J3S5S9_TURTR;A0A6J3S617_TURTR;A0A6J3S682_TURTR;A0A6J3S739_TURTR;A0A6J3S7F5_TURTR	7410;7411;7412	0.00	646.24	305.35
	1.00	A0A2U4B339_TURTR;A0A2U4B371_TURTR;A0A6J3Q836_TURTR	7434;7435;7436;7437;7438;7439	0.00	552.93	259.76
	1.00	A0A2U4AQ33_TURTR;A0A2U4AQ34_TURTR;A0A2U4AQ41_TURTR;A0A2U4AQI6_TURTR;A0A6J3PYZ5_TURTR	7467;7468;7469;7470;7471;7472	0.00	408.13	270.37
	1.00	A0A6J3QMI5_TURTR	7528;7529;7530;7531;7532;7533;7534;7535	0.00	648.81	274.22
	1.00	A0A2U4BYI4_TURTR	7711;7712;7713;7714;7715	0.00	715.71	288.89
	1.00	A0A6J3R4D2_TURTR	7716;7717;7718;7719;7720;7721;7722;7723;7724	0.00	173.67	93.54
	1.00	A0A6J3Q340_TURTR;A0A6J3Q392_TURTR;A0A6J3Q3A0_TURTR;A0A6J3Q3D8_TURTR;A0A6J3Q409_TURTR	7730;7731;7732;7733;7734;7735;7736;7737;7738;7739;7740;7741;7742;7743;7744;7745;7746;7747;7748;7749;7750;7751;7752;7753	0.00	747.12	428.58
	1.00	A0A6J3Q0A5_TURTR;A0A6J3Q0D1_TURTR;A0A6J3Q0D3_TURTR;A0A6J3Q0J6_TURTR;A0A6J3Q0K4_TURTR;A0A6J3Q0W6_TURTR	7754;7755;7756;7757;7758;7759;7760;7761;7762;7763;7764;7765;7766;7767;7768;7769;7770;7771;7772;7773;7774;7775;7776;7777;7778;7779;7780;7781;7782;7783;7784;7785;7786;7787;7788	0.00	936.08	518.34
	1.00	A0A2U3V959_TURTR	7793;7794;7795;7796	0.00	1,219.67	488.74
	1.00	A0A2U3V7Q2_TURTR;A0A2U3V7Q8_TURTR;A0A2U3V832_TURTR;A0A2U4BLI3_TURTR;A0A2U4BLM2_TURTR;A0A2U4BLV1_TURTR	7797	0.00	1,090.28	497.68
	1.00	A0A2U4A1X1_TURTR;A0A2U4A1X2_TURTR;A0A2U4A1X3_TURTR;A0A2U4A1X6_TURTR;A0A2U4A1X8_TURTR;A0A2U4A1X9_TURTR;A0A2U4A2U2_TURTR;A0A6J3S249_TURTR;A0A6J3S261_TURTR;A0A6J3S2B1_TURTR;A0A6J3S2V7_TURTR	7798	0.00	530.11	321.02
	1.00	A0A2U4BMF4_TURTR	7799;7800;7801;7802;7803;7804	0.00	1,031.24	285.27
	1.00	A0A2U4BPF6_TURTR	7825	0.00	1,112.69	468.35
	1.00	A0A6J3RGD8_TURTR	7827;7828;7829;7830;7831;7832	0.00	492.59	357.72
	1.00	A0A2U4BPE1_TURTR;A0A6J3RUL0_TURTR;A0A6J3RUT6_TURTR;A0A6J3RUU1_TURTR;A0A6J3RUX8_TURTR;A0A6J3RVD5_TURTR	7836;7837;7838;7839;7840;7841;7842;7843;7844;7845;7846;7847;7848;7849;7850;7851;7852;7853;7854;7855;7856;7857;7858;7859;7860;7861;7862	0.00	291.04	102.62
	1.00	A0A6J3R4G4_TURTR;A0A6J3R679_TURTR	7871;7872;7873;7874;7875;7876;7877;7878	0.00	608.88	361.02
	1.00	A0A6J3RL63_TURTR;A0A6J3RLK9_TURTR;A0A6J3RLT8_TURTR	7881	0.00	380.09	269.25
	1.00	A0A2U4A0S3_TURTR;A0A2U4A0T7_TURTR	7889;7890;7891;7892;7893	0.00	1,317.77	905.84
	1.00	A0A2U4A2T3_TURTR;A0A2U4A3M5_TURTR;A0A6J3RTW6_TURTR;A0A6J3RUD3_TURTR;A0A6J3RUP5_TURTR	7929;7930;7931	0.00	830.69	265.09
	1.00	A0A2U4CNP5_TURTR;A0A2U4CNP7_TURTR	7952;7953;7954;7955;7956;7957;7958;7959;7960;7961;7962;7963	0.00	303.48	168.63
	1.00	A0A2U4CPD4_TURTR;A0A6J3S9U6_TURTR;A0A6J3SAZ2_TURTR	7994	0.00	261.68	73.69
	1.00	A0A2U4C662_TURTR;A0A2U4C665_TURTR;A0A2U4C666_TURTR;A0A2U4C669_TURTR;A0A2U4C671_TURTR;A0A2U4C672_TURTR;A0A2U4C674_TURTR;A0A2U4C675_TURTR;A0A2U4C676_TURTR;A0A2U4C681_TURTR;A0A2U4C684_TURTR;A0A2U4C685_TURTR;A0A2U4C689_TURTR;A0A2U4C6F4_TURTR;A0A2U4C6F8_TURTR;A0A2U4C6G8_TURTR;A0A6J3QQH0_TURTR;A0A6J3QQU4_TURTR	8056;8057;8058;8059;8060	0.00	423.50	119.15
	1.00	A0A2U4BWC6_TURTR	8079;8080;8081;8082;8083;8084;8085;8086;8087;8088;8089;8090;8091	0.00	290.15	93.16
	1.00	A0A6J3S0E6_TURTR	8112;8113	0.00	991.47	488.79
	1.00	A0A2U4B9U0_TURTR;A0A2U4B9U4_TURTR;A0A2U4BA81_TURTR;A0A2U4BA86_TURTR	8173;8174;8175;8176;8177;8178;8179;8180;8181;8182;8183;8184;8185	0.00	362.78	161.73
	1.00	A0A6J3R3H7_TURTR;A0A6J3R3I6_TURTR;A0A6J3R3P0_TURTR;A0A6J3R3P5_TURTR;A0A6J3R445_TURTR;A0A6J3R449_TURTR;A0A6J3R4E4_TURTR;A0A6J3R4F0_TURTR	8196;8197;8198;8199;8200;8201;8202;8203;8204;8205;8206	0.00	567.87	405.26
	1.00	A0A2U4CNT6_TURTR	8207;8208;8209;8210	0.00	319.27	123.38
	1.00	A0A6J3RZW6_TURTR	8251;8252;8253	0.00	945.22	505.90
	1.00	A0A2U3V5M3_TURTR	8273;8274;8275;8276;8277;8278;8279;8280;8281	0.00	861.41	600.96
	1.00	A0A6J3R136_TURTR;A0A6J3R142_TURTR;A0A6J3R152_TURTR;A0A6J3R2X9_TURTR;A0A6J3R2Y5_TURTR;A0A6J3R2Z0_TURTR	8371;8372;8373;8374;8375;8376;8377;8378	0.00	1,867.03	988.33
	1.00	A0A2U3V4C0_TURTR;A0A2U3V4D2_TURTR;A0A2U4CS81_TURTR	8393;8394;8395;8396;8397;8398;8399;8400;8401;8402;8405;8406;8407	0.00	925.10	356.30
	1.00	A0A2U4CSA3_TURTR	8403;8404	0.00	623.19	360.44
	1.00	A0A2U3V6F1_TURTR;A0A2U4C9K5_TURTR;A0A6J3RHW6_TURTR;A0A6J3RHX1_TURTR;A0A6J3RI45_TURTR;A0A6J3RI51_TURTR;A0A6J3RIA0_TURTR;A0A6J3RIA5_TURTR;A0A6J3RIQ4_TURTR;A0A6J3RJY6_TURTR;A0A6J3RJZ2_TURTR	8423;8424;8425;8426;8427;8428;8429;8430	0.00	3,022.17	1,752.70
	1.00	A0A6J3RVY2_TURTR	8459;8460;8461	0.00	534.11	360.11
	1.00	A0A2U4C0L4_TURTR	8483;8484	0.00	812.58	254.07
	1.00	A0A2U4CFF7_TURTR;A0A2U4CFF8_TURTR;A0A2U4CFG0_TURTR	8489;8490;8491;8492;8493;8494;8495;8496	0.00	822.02	269.19
	1.00	A0A2U3V3B7_TURTR;A0A2U3V3H3_TURTR	8497;8498;8499	0.00	3,386.63	2,275.65
	1.00	A0A2U3V2P7_TURTR;A0A2U4C8J3_TURTR	8503;8504;8505;8506	0.00	2,983.37	1,084.78
	1.00	A0A2U4AU67_TURTR	8540;8541;8542;8543;8544;8545;8546;8547;8548	0.00	1,203.07	392.15
	1.00	A0A2U4BM31_TURTR;A0A2U4BM34_TURTR;A0A2U4BM35_TURTR;A0A2U4BM38_TURTR;A0A2U4BME5_TURTR;A0A2U4BME9_TURTR	8549	0.00	1,152.84	699.92
	1.00	A0A2U4ADY0_TURTR;A0A6J3RKZ6_TURTR;A0A6J3RL01_TURTR;A0A6J3RL05_TURTR;A0A6J3RL11_TURTR;A0A6J3RL16_TURTR;A0A6J3RL21_TURTR;A0A6J3RLE7_TURTR;A0A6J3RLF3_TURTR;A0A6J3RLG4_TURTR;A0A6J3RLK1_TURTR;A0A6J3RLL3_TURTR;A0A6J3RLL8_TURTR;A0A6J3RLM2_TURTR;A0A6J3RLM9_TURTR;A0A6J3RMA9_TURTR;A0A6J3RMB4_TURTR;A0A6J3RMB9_TURTR;A0A6J3RMT2_TURTR;A0A6J3RMU3_TURTR	8550;8551	0.00	592.53	209.74
	1.00	A0A6J3PZM0_TURTR;A0A6J3PZM4_TURTR;A0A6J3PZM5_TURTR;A0A6J3PZM9_TURTR;A0A6J3PZN4_TURTR;A0A6J3PZS1_TURTR;A0A6J3PZS5_TURTR;A0A6J3PZT0_TURTR;A0A6J3PZV8_TURTR;A0A6J3PZW2_TURTR;A0A6J3Q096_TURTR;A0A6J3Q099_TURTR;A0A6J3Q0A4_TURTR	8558;8559	0.00	1,122.60	601.56
	1.00	A0A6J3QRX5_TURTR	8560;8561;8562;8563;8564;8565;8566;8567	0.00	808.16	304.19
	1.00	A0A2U4BRW1_TURTR;A0A2U4BRW4_TURTR;A0A2U4BRX3_TURTR;A0A2U4BRX8_TURTR;A0A2U4BS26_TURTR;A0A2U4BS33_TURTR;A0A2U4BS74_TURTR;A0A2U4BS79_TURTR;A0A6J3RGC9_TURTR;A0A6J3RID6_TURTR	8684;8685;8686;8687	0.00	123.88	69.01
	1.00	A0A6J3QI21_TURTR;A0A6J3QI46_TURTR	8692;8693	0.00	1,502.93	857.13
	1.00	A0A2U3V4V1_TURTR;A0A2U4AGI7_TURTR;A0A2U4AGZ4_TURTR;A0A2U4BCE1_TURTR;A0A2U4BCJ2_TURTR;A0A2U4BCL2_TURTR;A0A2U4BCW7_TURTR;A0A6J3RF90_TURTR	8710;8711	0.00	185.81	81.87
	1.00	A0A6J3R9L4_TURTR;A0A6J3RAQ5_TURTR	8802;8803;8804;8805;8806;8807;8808;8809;8810	0.00	187.51	100.40
	1.00	A0A6J3QCH0_TURTR	8927	0.00	912.41	518.24
	1.00	A0A2U4AGQ2_TURTR	8969	0.00	391.18	273.44
	1.00	A0A2U3V0C3_TURTR	8975;8976;8977;8978;8979;8980;8981;8982;8983;8984;8985;8986;8987;8988;8989;8990;8991	0.00	1,395.19	728.14
	1.00	A0A2U4BAJ1_TURTR	8999;9000	0.00	259.05	183.08
	1.00	A0A6J3QMA7_TURTR	9028;9029;9030;9031;9032;9033;9034	0.00	6,034.12	3,887.45
	1.00	A0A6J3QTT1_TURTR;A0A6J3QUE7_TURTR	9038	0.00	537.75	390.44
	1.00	A0A6J3Q0R2_TURTR	9039;9040	0.00	877.85	381.06
	1.00	A0A2U4C514_TURTR;A0A2U4C528_TURTR;A0A2U4C531_TURTR;A0A2U4C584_TURTR	9139	0.00	124.87	60.74
	1.00	A0A2U4AQ80_TURTR;A0A2U4AQM0_TURTR;A0A6J3Q3T0_TURTR	9148	0.00	820.30	575.52
	1.00	A0A2U4AHZ7_TURTR	9158	0.00	140.54	97.94
	1.00	A0A2U4A885_TURTR;A0A2U4A8X5_TURTR	9159;9160	0.00	1,081.39	610.33
